image: final_maze.pgm
resolution: 0.012500
origin: [-10.900000, -11.300000, 0.000000]
negate: 0
occupied_thresh: 0.65
free_thresh: 0.196
