image: /home/cap1sup/catkin_ws/src/RBE3002_D24_Team13/lab4/maps/final_maze.pgm
resolution: 0.025000
origin: [-0.500000, -13.300000, 0.000000]
negate: 0
occupied_thresh: 0.65
free_thresh: 0.196
